8911
9401
6681
465
3641
6352
114
5515
1641
6942
4610
3611
7906
8811
9742
1174
1003
5932
3091
4801
793
9254
3720
4345
3756
8170
8717
8921
5634
4384
2197
9106
8963
9063
4958
8604
2229
3183
6485
8314
2118
3773
9554
9325
2460
5849
6327
7018
9366
7775
134
501
9856
4268
7993
5910
4071
4339
6596
8268
2411
4442
3383
3525
5376
5198
3834
978
8969
6876
32
2660
2254
8790
4504
3331
60
6063
4618
5754
4854
6120
6622
2478
7212
6652
2524
4821
2077
3790
3417
4558
6325
4533
9049
9391
5771
3009
9909
5085
8943
794
321
6592
3652
2526
3482
5471
8126
4230
122
2435
8423
1967
7668
1815
6868
4705
772
2929
312
4842
3649
2562
2680
9191
2621
5974
4269
7865
8077
1557
8756
6190
296
1829
6250
5890
2172
7197
1995
3941
522
4638
2275
1287
5816
2110
1636
2602
1822
6719
5933
8321
4029
4996
4925
9859
5741
5541
3363
8583
223
5540
4050
7061
5241
6507
9471
1995
46
7843
1646
6081
8708
3212
9754
68
8032
1391
6332
9146
1795
1896
8893
1250
7084
3005
6847
8314
4174
8129
9804
7675
5198
7842
4066
3351
9237
3692
1368
8931
5639
2314
2637
6654
9226
9179
5225
9110
9424
2882
5497
6646
9774
8115
6821
9394
6902
9755
6618
8595
7412
4741
5716
4449
3079
7283
9592
4558
6750
3703
9641
2947
5642
5965
9113
8291
2957
3672
5460
706
5079
5468
9400
7639
4281
5528
7576
877
4123
6703
382
9636
1233
1941
4778
6375
779
1306
3611
3310
9001
3594
2124
9199
9699
376
764
609
6811
3303
4633
9775
7172
7767
3157
8194
6677
6121
1961
7499
5988
6673
9151
8049
960
9015
7483
9732
4424
8475
7072
491
7226
7030
8622
9847
3380
1173
4144
2519
5261
5953
2044
1014
4291
7166
6299
1422
4726
5884
9782
9071
8988
3740
9232
1736
6661
8616
9721
1965
54
5110
4363
2458
5074
2550
3184
3034
6809
3508
3178
6685
5482
3336
8107
7858
397
7667
344
9250
9419
5258
5736
6375
8709
3213
7700
677
9035
2555
7382
1144
2641
7069
4734
404
4843
5508
6781
5842
9201
9947
7126
8769
3098
9763
8895
6682
3560
7518
4035
5993
9824
7573
7187
5739
9668
66
2848
3888
5446
2684
8057
1401
5663
307
1407
5129
3625
3697
1829
4699
9958
7680
1129
5942
9878
3850
2132
5472
2911
3027
6870
4530
1152
4309
2957
1246
6634
8822
1977
1081
5012
3924
6820
105
73
8658
2850
6227
8702
3218
2122
4231
6059
6556
9361
1360
3290
8812
5505
8525
2021
9287
7432
1135
1156
2820
5932
5900
2811
1831
1599
8119
2985
7704
4225
19
5555
3485
4929
9019
8730
9404
5406
7981
4846
6975
2726
755
72
1350
9186
2197
2051
4058
3599
9298
6789
6660
2492
7814
2383
2273
4851
6733
3440
1778
999
2629
8912
772
7517
8233
9268
3383
9364
4504
7620
7276
2005
590
6301
8933
9865
3283
1264
6034
4819
2785
6450
8170
405
5774
6806
7846
1124
1203
6853
4747
5293
972
8496
1303
5853
8769
9858
4467
2292
752
404
1601
3454
2845
8533
9117
657
1552
1178
1564
7520
9775
5186
6158
5529
5308
5885
3898
2341
8009
5618
2096
9675
8482
1711
6391
1210
5907
8881
3517
3568
5168
4007
6044
814
536
3071
6584
1006
4593
4167
3904
6610
9888
3821
4860
9579
2017
9711
7024
2599
7936
3652
4594
1868
1996
8642
5540
3728
8675
4270
1630
8282
6605
1998
1679
3399
6288
917
2815
4062
9050
5377
2417
1787
1557
8059
236
9714
9278
6603
2076
4758
7049
6261
2447
2400
2571
8532
769
2896
4910
3059
4663
5721
338
6613
1293
4457
7923
5364
835
2285
2630
8194
4764
2921
5186
6834
4700
4526
9644
9153
548
24
8190
816
1325
7110
6209
919
4995
3677
4281
56
4740
8460
3546
4787
8502
4966
4107
8192
2913
369
8923
819
8307
1436
2492
6303
7214
2720
4939
394
3133
6687
1344
2348
97
6018
726
3935
1118
487
5508
9604
3682
7469
7847
2183
8436
2611
8061
1203
3633
9528
9634
9275
6255
5220
3586
1708
7337
1562
4965
6644
5256
8441
1748
6490
3602
6176
2003
2767
9705
366
9170
8162
761
8358
3155
331
5536
9107
8931
7808
9392
8646
91
998
57
9065
6504
3217
597
703
7552
285
2930
7202
7296
5668
8791
7852
8767
6597
8687
3836
5690
9915
560
7742
4170
8108
6353
6719
2055
2995
9354
5177
4015
7850
5274
1795
1039
1306
5822
3031
9169
5502
4431
1064
8630
3898
8321
7831
2596
998
8557
8764
8530
8731
9190
6792
1749
3328
5479
2381
9460
5203
4268
5725
1416
4561
1305
4445
2330
5181
516
6307
3294
3441
2915
1891
6152
8985
7973
5896
7329
5030
610
5674
6916
6972
9665
8737
6279
4563
9425
6254
4310
3222
6275
2414
9069
899
1303
3839
9244
5831
1289
598
5253
9580
3855
3619
2480
3137
748
137
6079
4233
9072
9941
8747
5265
4220
3581
6849
4362
9257
4461
8252
6835
1423
4123
1754
742
1913
8673
3518
2172
9375
7392
6747
1822
5137
8393
9897
8284
1173
8126
7644
2072
1046
7223
1538
9081
9919
9703
2835
4672
9031
5141
7962
724
8492
6744
7609
8814
2558
1421
51
6695
5583
5506
6812
6404
864
532
3649
6249
3492
2855
5132
7388
4612
4300
3796
3989
7104
2174
4555
510
1126
3704
9839
390
9276
6065
4084
3546
384
5357
7134
5786
8177
9319
3481
1963
257
6464
5701
6218
898
8092
2418
8641
1508
3972
8164
359
6392
667
3982
2415
1603
4582
4811
9975
3703
2269
3350
8689
1776
5477
7635
9646
788
2292
8236
6886
8286
2354
5932
813
4670
2618
7538
8556
9587
7294
7806
8597
345
788
5001
5227
7589
2757
7169
3772
8097
671
8938
4733
6410
5769
952
4016
4135
8723
15
6465
9889
3891
9836
951
2221
4417
826
8450
7476
714
4491
1311
4674
9757
6340
1342
3604
285
349
7414
3353
3856
3521
3419
3681
7812
1068
8348
184
5458
6526
1556
2449
8937
1590
3324
8220
216
4002
6842
8044
7459
2553
4991
7710
6191
2247
1017
9999
4275
5598
8571
8013
5415
8779
185
4064
6366
5264
9256
4804
920
3233
2003
6852
2862
4404
4915
7889
7386
107
8902
5795
9689
3645
3123
6318
9044
1156
9147
9215
4134
6288
7588
2300
68
727
6967
6389
2004
789
9280
906
1589
1963
4823
9460
8777
3971
3703
6220
8334
894
993
7353
4134
19
4402
2793
8853
3255
3870
8269
5820
9006
2919
4318
5825
5491
7744
7587
3466
2005
5479
72
147
9594
9891
4208
4667
4241
6660
3108
8167
1560
2310
9462
8403
4961
3072
1365
3523
2191
9518
825
9981
4400
1617
7739
4854
533
872
7886
6705
2698
4186
9943
9080
5487
7418
8891
6815
5740
1881
6837
2518
5661
2696
6059
2122
1397
5310
2177
3472
2589
224
3377
7265
1802
4905
251
217
3589
152
8424
7482
5875
2108
2266
2152
7128
8939
7340
9408
3447
327
9475
9278
6094
4393
7721
8883
9456
9382
4721
2860
3150
539
6781
8367
313
3872
8561
3054
7854
192
7986
8686
2300
5896
3540
6436
82
8461
2601
4999
1645
6691
4931
8756
1129
7331
6226
9113
569
6338
5140
9522
9244
5775
4689
7507
1417
8276
1667
7829
8680
1231
2902
2306
6475
5989
1519
6947
564
8522
2499
7019
1378
4579
1273
8219
5629
3232
3882
4078
7063
2206
7241
1982
1757
3435
7264
8261
5959
6739
932
8620
2211
4666
9712
6927
9126
2772
3512
6671
7248
6322
5025
7284
1414
9917
3571
3885
6917
7178
2451
4274
9562
6464
2836
3910
8008
237
5406
9822
7088
2652
7098
8157
6047
6810
2548
5175
2819
1194
1031
5710
541
5525
5714
23
6017
2088
6930
6086
900
9672
4655
4133
992
4772
8162
9386
920
7800
9826
3852
7423
5952
9970
3184
6038
2574
5168
1916
962
1966
1568
3226
2175
2560
4646
2574
129
6151
8594
7636
365
9861
4163
3294
4091
749
8513
6837
6754
3448
711
7764
6702
7749
4397
2953
6255
6627
393
9329
7569
8249
7116
3754
7886
750
3832
7663
596
6431
9887
5496
7625
8556
2162
5771
7386
1318
2833
591
6026
1987
2327
9318
5800
2546
3436
582
3416
2630
210
8132
4454
4120
9475
1306
8816
8066
6306
5735
2106
4739
7936
439
8992
2722
7391
5455
5701
3529
8408
5325
8038
8478
1151
3233
4961
1192
74
8115
9993
2706
6880
5324
4179
453
3451
3159
2959
1411
5721
7874
6090
5196
1385
6975
2940
1072
9900
8904
9730
1767
6366
3786
1322
3325
2500
695
203
2356
7703
3745
9652
1405
5142
2312
9107
9776
6750
5562
618
2846
7150
5741
809
5497
3721
8755
5996
1286
6952
8610
3103
99
2668
9443
9808
3445
4372
4757
1029
1833
4900
3584
2888
7878
3619
5375
6775
8563
3309
2040
4758
7173
5851
4495
1126
1743
3658
3239
4251
9634
4150
7309
7002
7739
3122
5756
391
4586
7881
6927
1495
9366
1355
7076
5142
7977
9130
3827
9368
1226
2196
412
7019
6998
5884
3064
3603
6118
6699
2962
8481
7595
9754
6829
5770
1066
2659
6349
6070
1772
6859
2316
8549
7224
2123
6751
8937
8604
915
9911
9235
1991
4939
830
827
2153
2694
5822
9771
9607
982
7092
4992
1862
5950
8212
2461
9190
4842
6627
8440
9110
61
9557
3773
6630
2288
5941
6562
3930
3974
7343
6928
6148
2517
9034
2199
2118
3460
5280
6060
3594
494
3503
4760
8804
8980
2684
3308
4123
2767
7041
9036
982
7160
5212
5296
825
9594
1123
5043
5655
4262
4628
561
9435
6024
720
571
6245
5187
4761
5009
162
7900
737
8943
6898
1005
8937
4158
8801
1181
4764
2247
9135
4511
1631
2010
1225
9999
2614
2331
4930
6444
4561
4549
1902
1909
7266
5808
3978
328
4027
8517
692
5601
8628
8912
9292
3240
8716
9455
7684
8104
8126
6428
8753
6273
8112
8129
6532
3482
1137
5658
5066
4218
5986
7961
8078
829
6256
4748
4836
3319
8957
594
4194
5121
5270
9509
7528
3975
1439
2017
3450
3785
4184
4309
1977
8909
6712
8062
4612
6808
2766
8125
3065
3794
9672
1685
2590
5355
5700
159
8534
2297
1219
8362
5361
9975
9996
9006
6127
1459
565
7658
2263
960
481
418
9486
9992
6254
3557
735
4267
4292
202
7653
7592
4450
8203
2412
2908
2744
9781
8457
2339
2921
3280
6031
9925
7688
4963
5713
3697
4571
9436
611
3974
484
5710
2644
4337
1904
1399
4361
4335
3011
3278
1901
7183
1422
5464
1510
9145
4498
7044
5276
8601
6976
3781
9976
9670
2752
8035
9213
8904
7371
6743
4864
3142
8065
6843
2070
9006
3297
402
7738
98
8149
3190
233
2205
3937
4850
1259
554
4197
76
778
8410
4189
9335
4316
4320
2367
5881
641
9513
6138
4051
1969
2665
6825
6233
6987
9747
8929
6097
5935
3727
8844
1725
6048
5220
1584
2311
6973
6123
3982
2721
205
8864
9810
7036
7987
9079
3485
5491
731
5072
2797
3135
4757
4568
6103
1972
7641
3380
8243
6042
362
3538
7211
4450
8651
8183
3169
8191
5691
7769
6350
1457
5991
6790
1589
8471
9871
1061
1291
1203
5010
160
2763
1896
2039
2258
6646
6914
4863
925
9273
2191
6432
3924
8953
9906
4860
487
9417
6766
5177
9973
94
7298
5043
2798
2225
5742
8073
9415
6973
7688
1161
209
1227
6824
9044
1116
8503
3527
1594
3822
6352
4545
9860
1027
8282
5416
8485
6179
9082
2198
9298
4688
9522
4713
8494
5711
688
6228
7178
5092
2083
5397
6114
6586
1416
4593
8250
6991
7312
6828
9419
5763
5800
3682
4279
1266
3883
9630
6041
6744
4978
1755
2220
1995
9318
6161
5259
1950
1573
2231
5146
9103
2664
7496
8863
581
109
7846
8133
4328
6084
473
1441
3876
3716
9438
5313
2027
4753
6213
2221
8500
219
7755
8935
6563
7858
1776
7651
1857
1122
2045
6727
878
45
8541
3456
8375
8864
4481
538
2138
4306
1817
2764
2762
2139
6115
9051
3999
10
6897
8044
5202
3490
1533
3433
3149
8202
5773
3407
9328
6128
6021
691
9311
2092
6659
2743
6225
8210
2243
8130
185
3750
3968
5811
9435
1235
5889
9642
5310
2866
2965
2058
7278
3102
3406
3360
7765
4956
9938
5411
4384
1164
2123
2984
4154
9362
4673
6357
2297
3369
7350
3725
8060
6372
7731
2865
4187
4706
4501
6986
926
7388
6975
8235
4787
9044
3595
3711
3894
5953
2812
1667
9267
5092
1912
3741
2011
295
8951
6118
241
5112
3998
6730
1247
1975
234
4268
2952
5301
592
8668
9119
4617
5433
1707
5207
4158
6798
1392
4119
9386
7570
7865
4531
7081
593
6544
6371
4591
6515
7951
5779
152
4877
5625
8997
9385
3156
5370
3333
2075
3787
9073
239
1902
4584
6007
2359
6135
9549
7394
3046
350
5843
8697
5771
6393
8412
1793
2344
7186
4853
809
58
5283
2260
1486
3837
2076
9847
2167
7712
9385
1271
1795
886
4319
3374
6521
2279
9235
1552
9823
6319
9020
7778
359
3432
4711
7464
2327
9139
3807
7347
9508
4174
2451
2134
1883
4471
2919
5460
8551
4499
8207
2925
560
5903
1550
1551
99
711
699
4790
7620
513
6218
1944
4303
3099
8531
2359
2287
9338
9638
1523
4046
7347
9385
8223
4754
9936
4484
506
7238
4487
644
6101
3377
4524
8223
4195
2516
2126
2807
6214
8504
1323
8145
439
9114
6630
4487
3408
5279
8701
9508
5762
4850
4393
8308
3550
6114
6639
1848
4917
6092
6697
5227
9253
6924
2557
9284
2246
6127
1119
3385
3903
4841
5134
5905
8567
786
1390
9129
9768
3248
1603
3945
6992
8811
6749
504
409
5730
4408
3592
5284
7665
5887
6622
8675
3460
3438
7839
6808
1509
2820
8615
1136
1544
7622
9996
5972
7302
7465
2575
354
6689
9524
4818
7025
7343
7052
7984
2180
2475
2644
9061
4471
2755
2101
8649
663
9012
82
8829
6069
4033
6910
3429
7300
5204
6637
5451
6094
3881
1696
3738
1065
8899
8010
9554
9442
2853
788
4893
8431
7099
5239
5500
2013
1274
9016
8588
6835
2
2117
4833
2620
6752
8009
1786
4781
1648
7219
1338
1755
6057
5589
7075
2899
3882
7079
3466
8682
7152
911
8410
4640
6859
1404
8457
2726
3384
3852
4935
4827
68
4893
6572
9181
9104
8215
6514
8002
4418
9786
9656
8715
9491
7784
9562
8290
8449
3510
7263
356
9075
934
5743
2797
570
7578
8512
3921
5103
7514
4889
8702
161
4938
6832
9772
1837
755
1604
2027
3246
8120
9738
5504
4675
5773
8112
5261
6773
4220
9594
6546
1315
6657
5616
5652
3823
6111
7393
665
5164
6290
7286
789
4151
8651
17
7685
8492
5220
105
97
3630
3323
8373
3026
2871
7549
1577
623
741
7919
8430
4883
7823
2263
2787
8568
9790
9633
1648
8074
3988
3608
7734
1911
1891
7351
1897
11
8551
7832
1241
7471
157
7522
9477
2466
3461
5832
3689
9346
3409
2541
3458
154
7380
5797
9089
3743
8623
5292
3568
3631
9376
532
7479
6407
2602
1449
2938
3582
3603
5663
9485
9270
6910
5366
6955
4756
379
8015
471
4175
774
6449
3118
6672
4755
9119
7927
2971
6374
9683
9725
9565
3533
6773
3905
1630
445
4713
1616
4793
7480
266
4623
1364
7992
788
885
7404
4801
4327
47
713
4816
6662
3567
7145
4610
747
1702
3034
432
4312
1173
5814
1792
8939
9768
957
4720
4258
5298
2532
3825
597
2558
8671
1912
4748
8646
8809
1289
9158
8063
9913
9333
9284
6571
512
4371
4698
87
4992
6853
6178
5058
3453
8066
609
3421
1261
3875
2599
2364
8732
4997
8077
2527
914
1032
6576
4963
6155
3043
9340
1508
9612
9945
298
9217
4156
9356
3272
6218
7430
1089
1837
7260
6281
2221
6946
2643
1287
7656
9984
8382
8107
4370
541
8236
286
753
267
5226
354
7116
1312
4371
6065
6608
4244
8711
125
475
5801
7853
5481
2365
2265
1838
2480
5192
9294
1423
2596
3893
6195
2512
7915
9753
3712
677
8569
6721
5803
6234
9847
3737
1126
5699
8507
9540
5679
451
9709
5202
7740
215
7869
4269
5497
9986
2408
1888
9983
3303
6314
8121
2909
4146
5839
1082
3258
8993
5770
6554
9922
2384
4131
5659
4572
6129
9817
5569
4029
3852
9029
6820
9948
4407
5694
1722
6012
3193
2304
3416
6391
9092
9222
1258
1450
5968
7654
7908
6345
8336
4393
3521
8767
3629
9046
2385
8224
2559
9484
482
284
3103
5074
3214
6194
3992
9932
6797
6263
211
146
6801
9791
7285
5210
3344
690
4646
4898
8578
6231
4281
9158
4944
3092
8845
2023
6542
2132
4931
7356
6022
1923
8062
1339
4617
3235
1550
1093
536
1507
3471
3373
4488
4263
4384
9759
734
1682
1587
647
1492
370
7994
8917
76
3273
1132
4759
4494
8097
5794
3597
7913
1952
9580
3441
1641
7294
6788
5238
2301
3319
7835
9100
7016
9414
5855
4009
1369
4920
5802
1606
9584
4774
9061
7782
6446
5996
7596
6198
6999
2039
6336
3881
1107
6825
899
985
5508
6644
5098
2120
4968
5233
796
2026
3533
5647
4242
35
119
2217
6844
7183
4022
5987
1243
2812
6728
8287
8139
2109
829
4647
5725
3960
5345
8150
1611
7429
6589
781
5514
5542
4980
1407
9199
4211
4106
1796
24
4999
489
9698
6795
4555
4435
1265
5886
2128
3744
3833
1123
8469
442
4251
195
7584
3935
6134
6708
3092
9994
8856
3056
2270
4656
6436
9635
1035
7342
2459
1405
9637
6976
8765
6598
4972
4843
4397
7187
5540
6020
977
347
2193
200
6529
6447
6433
4652
5827
6365
9519
7641
132
4420
392
7267
9972
4434
7261
3248
3860
4358
9572
8784
8804
5705
6256
4971
965
3987
6330
6236
8986
9196
3817
8720
8929
9277
8377
7405
4126
7198
594
6943
9534
6264
5674
9186
3747
701
944
8725
5046
409
5762
2137
3826
6983
5060
7225
3986
7864
9332
7713
1781
2162
943
5151
2815
3258
5505
8459
1358
7159
3428
121
9632
672
8165
9094
1354
1786
9392
2818
4222
5575
7501
5519
461
508
9394
7825
5130
5829
4028
4222
9257
3344
949
2101
7131
6348
7903
3754
3331
4292
4844
4712
7362
7567
8706
1358
1927
7469
2072
8272
5974
3674
2772
79
470
6937
5315
5052
1929
4648
295
3832
157
8874
7648
4522
874
7716
4392
1564
7571
1753
9060
4182
99
8479
9107
7564
9988
8969
1785
1672
6992
447
309
923
5331
5730
5371
3958
2925
8692
6775
2284
663
3913
7177
8789
2421
9730
9805
2635
3610
7850
8967
6413
8397
2755
366
2702
7100
445
1561
408
2944
8169
5265
4133
3045
3832
6470
3201
5092
5548
7867
7528
8520
7922
2833
1870
1839
9234
9334
6571
2120
270
2611
8337
2438
3921
4288
6698
464
7327
3766
7803
1526
2432
3411
552
290
556
4611
73
5907
9787
4802
9199
6065
266
5923
7705
529
5358
549
8336
3680
6400
9186
2564
6054
3158
9946
394
573
5610
4513
424
135
8623
8517
5839
6718
5004
1299
3121
1403
4640
8506
647
1472
3549
4417
583
5660
7717
3801
6716
6935
3387
4684
4838
4743
211
6550
5140
6185
7543
9249
4509
7320
4364
4109
8066
476
1826
3935
7200
1844
6191
8964
9767
1091
2912
2187
2683
7810
8421
3172
3026
7175
190
415
3188
5730
4555
1494
5651
2656
1889
1214
3504
906
1758
1817
9296
3076
2127
7914
9579
7450
4048
7450
9512
1027
8651
772
8014
7870
6591
1338
9563
2874
9460
6271
802
7654
3692
2085
6601
2675
4914
2840
2605
3437
3548
5979
2895
4299
8535
5049
55
9974
2927
5087
8952
5612
7397
7547
3187
2606
7113
9084
625
9375
4896
4646
8660
7280
9985
1307
8801
8343
815
3274
3722
7847
6382
2983
7122
8681
5660
6873
5001
5107
3050
5640
5844
4995
6730
3957
3020
7728
6105
6717
7263
8999
3543
8152
6766
4436
3199
7432
9556
1446
814
6412
4891
2686
2744
5329
5591
5881
9461
6875
3894
4084
7537
5201
8110
4529
8428
6174
9012
9477
362
8131
5549
7814
232
5755
8070
383
2869
8131
8420
9091
3128
4946
5625
9040
1898
1576
1760
1939
3197
3388
9727
7211
6076
503
737
3237
1264
7221
4882
1828
2769
9715
9843
6215
6160
2105
5197
2094
6033
7574
5805
4817
2489
5737
8495
8618
7477
3457
1043
4020
6936
1281
5060
4557
8001
9775
4469
5304
3418
6712
1670
227
6485
4003
1576
7424
4012
1847
3177
8470
4399
8306
886
9493
6390
6626
366
4990
8519
5112
6091
9479
7901
787
5283
213
5640
7717
2417
2595
6153
8738
261
326
2673
2105
8009
8554
9002
9430
3141
3223
1803
9040
6432
9054
4645
7800
5418
5597
2387
12
306
7912
2330
8464
8382
3035
694
9974
7746
5710
7544
1106
8901
8294
423
4193
7562
6593
656
3478
5566
6972
1058
1221
9126
5904
6282
9952
8931
696
5026
3051
5180
4697
716
5308
3329
1713
2534
8995
3369
5628
1493
1625
7425
2854
3985
5549
8158
7486
7524
2076
3112
4206
7362
8022
5961
8672
762
305
2704
6594
7215
333
6534
524
8284
676
5949
9154
7785
3334
6176
4832
3860
4104
3564
1813
8494
496
7931
5447
9869
6374
738
2671
8083
1857
1404
269
7454
7969
8960
7903
3590
3373
1399
368
2873
8408
2516
1846
5436
1896
6461
4506
5422
3845
8260
5989
3414
6240
2001
2589
6274
7538
8681
6191
6115
915
278
7711
2531
9260
214
3708
2955
8191
4439
9501
9065
5935
6243
6610
3686
2300
7145
6601
9473
9382
8807
2144
7411
8428
9967
3462
8507
4158
8572
7479
2874
2728
5011
3120
609
1909
998
7471
9015
6175
7479
9392
5691
7415
5371
380
9863
706
3999
9524
5980
6298
3712
4706
5749
9622
300
8367
937
2804
6868
1005
20
5296
8406
5848
9987
3980
9727
6061
6045
9796
9805
9204
3881
1735
614
3360
170
6682
1871
3743
1011
7314
9864
4274
9876
3428
2197
1391
8604
2176
285
3733
450
4155
2064
1833
1598
5813
7332
9071
6567
8328
7871
8916
4398
2360
260
6061
1301
1296
6408
39
6742
7911
9093
2065
3966
5869
7747
8971
3580
6649
5957
2053
5003
490
1287
1083
2936
9151
7533
7835
3494
7702
1042
6986
7040
7758
9460
8286
2171
5478
4984
8891
755
7895
3405
2451
8128
5100
1678
712
5503
9261
3551
3249
9641
2430
8930
7900
1808
9129
1011
1301
9079
734
670
3740
4264
3063
8393
5873
4563
4516
8793
8911
3569
1278
5161
2287
9940
8748
8157
5570
4990
2291
182
9076
8079
965
1677
3789
3194
7862
9379
5937
6651
5358
6197
4678
7705
7226
7413
8622
3766
764
9738
6484
4351
6050
7027
5961
4438
4919
1037
1059
6360
5727
7430
829
5717
5805
8447
4180
8848
8190
140
1005
128
1058
848
717
1247
4706
1760
3031
2204
8818
8000
8914
4143
743
8674
1909
7063
4700
2691
5267
4630
3545
3279
6706
8299
1227
3201
2252
3258
7141
2029
4469
5267
8301
223
7484
4669
9041
6323
518
9531
4020
255
3555
6077
9539
4076
5838
9777
7211
2927
7399
3117
1009
8909
804
4267
1585
1969
4427
8082
7586
719
1572
9645
4639
3017
6436
2053
6667
8312
3554
4553
7035
3835
7269
3699
6145
3176
3069
488
9854
5295
6573
212
6124
3373
3940
5719
347
2742
506
1960
175
2581
7641
4973
4403
1144
1877
9514
569
425
7370
3814
6390
2972
3456
2519
9181
8444
1241
7504
1555
2996
7054
7181
7289
7772
436
800
1403
6379
3848
1359
6874
3294
3695
1449
9093
6128
2688
3001
48
6607
3676
2007
1581
6646
2677
6079
3729
7893
6492
4707
7805
9883
3818
9974
579
5856
3798
4292
1285
9597
1426
4075
9853
8840
9363
7371
173
6406
9618
2985
8210
1111
9619
4607
7050
9901
7022
9001
5857
260
7404
3031
610
4741
5438
1337
1602
4641
6312
5551
293
9592
594
2561
1583
5146
447
8150
7972
4086
4312
1963
3522
5697
5770
70
4885
4423
630
6737
7497
448
7092
5579
7650
6611
1290
7046
5565
385
9655
1694
8353
5936
6912
8888
3897
8239
1502
233
5791
1947
8875
1922
7949
6879
7001
5965
6364
7764
5112
8678
2796
6666
4966
7308
1789
5061
3118
6473
9456
919
5398
3101
1317
6035
1251
1189
653
4769
3796
3723
8521
9852
2145
6461
1551
5071
9997
6753
8009
8902
3120
5473
3126
2825
7818
9565
5252
1765
5018
4523
8147
1442
9892
7499
6332
5176
4020
4039
8871
2964
8707
5673
9940
7883
7990
5007
9948
8150
1620
4529
4816
4452
8607
853
9122
8696
5682
379
6339
7412
3696
484
9067
910
8003
968
677
537
780
1672
7766
3995
9154
6417
4758
2463
3405
946
7434
1772
6641
9159
4531
2372
5087
5105
6228
1040
6784
4570
3179
6516
7333
3292
8670
8770
5768
2433
5433
3752
81
6373
6603
4985
9308
2827
4091
1223
3178
2508
2928
1241
1138
2176
3188
5371
470
2555
974
490
6761
2019
8817
5232
2632
7854
1575
8440
5665
9028
6934
1599
7264
2064
4993
3861
2607
4543
2707
145
2456
3288
9912
4662
8253
4823
5831
8409
7579
1844
4167
7791
3332
163
4184
1767
7764
7324
3496
7946
9891
9966
6497
7160
1904
21
3352
3526
2914
961
4125
7081
6536
6413
5882
6309
2642
2657
4154
5995
5911
337
6591
5564
280
8379
9630
6966
5855
4566
7436
5625
5858
2056
2016
8552
2131
4922
4925
2971
1301
3030
5686
7664
8655
5367
1416
778
5301
8037
7387
9108
5319
463
598
4452
516
6003
7215
7387
1378
1533
6631
4975
8819
3071
2768
9569
3007
6837
3223
2302
2287
5860
138
5898
9611
9750
3981
2404
8058
2544
6438
9161
7693
7129
1687
1903
180
8838
2193
1825
6652
6730
1086
8530
3584
3833
5461
5019
6896
4446
1034
603
6892
484
2483
1227
478
9730
6743
8733
9330
3509
4341
1197
1843
9094
6822
4942
8856
6239
9118
1245
1828
9388
5856
1368
1643
9205
4920
5273
6507
8252
6839
3059
8920
3108
2927
8679
2474
7240
3335
3547
7486
6356
9486
8815
3678
4384
6955
6165
5147
2726
7152
4051
992
758
7807
5569
5321
4358
8875
2340
2791
5781
7579
6635
2160
9324
2061
4034
3212
3788
6048
8087
4296
876
9824
6182
3210
2849
9855
3141
7796
5081
9325
9321
4699
6006
9174
8534
3109
4662
9862
9444
718
4275
5095
6556
3763
134
1618
4178
9581
3557
8809
7977
6535
2344
465
6620
3108
8369
8466
1669
5866
801
9709
8105
789
2243
2465
7762
3210
3741
8983
5035
8041
6074
726
5100
189
242
8984
7030
9742
9136
1687
2802
1540
6453
2840
8142
7225
1981
2575
5993
1075
7510
9968
153
8432
5714
9247
3149
2856
5642
3517
7913
2685
4944
2703
1081
6236
5814
1043
8906
5402
7383
5312
9110
1534
4873
6953
9766
5557
3357
448
19
346
1291
9545
6115
6100
3486
7705
8241
266
9652
2182
8130
1659
2149
8107
1878
81
3743
2373
6417
3799
6416
1618
6787
9514
3145
7139
4170
4391
2874
8766
6183
4634
9167
9443
2796
3437
5034
6539
4513
7476
8496
7316
1805
6211
6176
3284
663
6677
5939
7525
746
6707
5957
2672
7325
4470
764
7914
1998
511
4302
2844
5692
4707
5119
982
6999
4704
7803
1549
9511
5535
1200
5906
1881
6585
2482
5756
4983
4462
2313
3929
9262
2092
4007
9042
2003
955
3603
1003
1920
510
9518
4339
3043
399
3666
2586
3371
7061
9751
5344
1911
275
3694
2295
7127
2801
5954
5021
9824
5342
5336
1181
1346
22
7739
2384
8981
7061
1704
2079
3923
7998
9222
1476
6740
1386
4749
8179
1251
2768
7586
6337
1636
12
3223
8759
537
4460
5575
2026
6037
8791
6105
404
2374
4364
3582
3821
9800
5128
7454
4780
4690
2813
7945
9375
7738
5924
8519
4397
8443
9564
237
5213
912
6334
6910
2429
8500
4290
1631
5039
8551
9163
9984
4683
1369
9713
3255
9111
5376
1284
3122
664
1696
4623
1716
5237
1313
6748
7325
9665
5864
3275
2052
7129
8176
6203
1395
245
5162
8529
8544
607
3231
4393
3622
6921
9012
1174
175
6500
2570
3949
2978
5226
6318
3927
9201
9724
3518
70
2087
6721
7518
8601
8659
8107
9348
3634
5950
8490
6089
8908
3948
2741
4501
8597
1429
1143
6990
3756
406
9383
692
9314
574
1309
6958
9090
9891
7784
9915
8061
5266
3058
5115
5903
6061
4892
3384
3311
3532
1944
7434
7409
4081
1750
4855
7058
8046
3365
3782
9441
2482
2600
8943
344
3171
2952
5881
9628
7839
2677
7402
4403
4860
125
8284
4577
1595
4648
3931
4450
9817
4983
2200
9053
8951
8220
472
218
7549
2650
2798
1584
5578
411
533
2183
8649
3059
2876
9400
9370
4297
854
2893
2668
439
7609
394
9919
9624
9033
9031
8374
3213
209
8391
6619
4813
7451
7205
4911
4999
8763
887
2372
3967
1994
2291
2271
3588
7307
1662
9554
9716
8908
9429
6813
8181
8959
4061
682
9296
6852
7671
5373
933
811
201
1539
83
891
4632
2949
5116
6776
1886
9586
4264
9677
3049
4616
1599
6317
7830
4159
3971
8873
5439
6768
9728
6364
7612
2890
5475
5333
6640
5235
7657
6316
70
4846
4249
5036
8974
2438
5771
608
2443
9539
9523
6244
9351
4202
1037
8351
2147
5296
5480
7844
1622
4742
686
8969
7966
875
7248
2437
785
6901
8094
2906
8298
6985
604
4827
676
21
3811
8759
1880
384
7400
839
5425
9582
6473
7963
6163
2817
3698
8912
2208
1930
5183
8626
329
8491
5139
4080
1418
1863
167
8284
8542
6870
3112
1828
7314
695
1965
1553
8561
5685
1210
5377
19
5571
7185
5876
1527
6172
7790
5694
8119
9368
5621
5203
7802
6223
1687
8220
9907
8008
3800
519
178
8640
2381
8533
7523
3889
19
2795
3567
6558
1060
393
6729
5680
2391
8535
6537
2459
8817
117
7442
307
2849
9163
6719
8280
4071
661
8016
6009
9712
280
6508
3327
3788
1610
8063
3351
8987
9096
9974
4570
2807
9679
9576
1780
3911
7315
3674
5905
7716
8341
9555
4059
2112
4754
4557
5704
2849
5650
2889
1474
3073
9366
7348
3809
6779
3536
7951
1839
2317
1569
2267
4870
574
2356
2693
2939
1141
841
9180
2820
6585
2896
2617
2597
4216
4223
885
2561
3840
9724
8195
1279
891
8917
5319
9147
9818
7600
9673
2431
8451
4575
9702
8470
2647
8656
4855
1937
5251
4777
9147
3263
7506
5534
501
4563
2889
1552
4164
2536
8044
1834
2863
159
6937
4458
4256
4911
2409
4403
6905
2474
8966
5767
9242
9033
7145
3564
3561
1508
3166
9304
3418
1263
9827
6491
9909
7340
2332
3071
3323
2633
5534
4003
4859
3117
4945
1666
6082
9900
4124
1163
2243
1255
6793
263
4159
9819
4973
427
2679
6789
9443
8955
8150
9377
7740
9085
1965
406
8760
9180
1445
8118
921
5807
3214
8792
8732
3777
5545
7446
7303
1182
5230
6952
9410
2200
4357
2685
2251
5763
6327
3280
4504
4117
2800
282
4673
6124
1607
195
3676
3729
4729
5100
277
7927
9036
1473
7641
5890
4086
1540
5319
7375
5136
7812
568
3700
254
3547
9701
8637
7722
5552
2816
9214
2836
7298
833
8297
5589
81
8479
2710
5276
1835
92
8690
3417
1673
9084
8376
4602
5360
6484
5823
1220
7227
1756
3323
9906
2230
6754
8276
2652
4389
2133
938
805
3394
539
3009
5150
1589
4529
7766
9724
860
3008
1259
8892
5436
2419
5535
8944
647
2874
5834
6135
873
9504
8249
6197
7200
5748
701
9197
5973
8781
8980
6150
3004
5713
9949
8450
4131
1030
1402
1306
6717
3271
3834
994
6682
8084
9823
5026
2507
8479
6715
7682
5449
8320
5167
3170
1558
5114
3984
9736
3406
5728
3166
1473
2535
2119
8746
3678
9268
8330
9238
7449
5501
8636
3932
4175
6596
8075
9377
2028
1885
9621
2126
9074
2886
415
6293
4306
6788
6346
8249
8767
807
3439
8548
906
8919
3242
8298
9306
7101
7246
6794
8
3014
1708
2075
1868
644
1665
2903
9958
7643
8690
1739
616
7790
6656
3428
1290
8927
437
3323
2239
8373
8061
4043
1207
9383
7138
1017
6406
3734
6836
5678
9754
8275
4117
5792
3488
9177
3523
3245
458
3326
9657
6748
6961
6117
8742
5350
7175
2698
6099
9891
9628
1445
5350
1266
7419
3598
3134
4838
2821
3711
4600
6599
7574
6583
8992
9626
3156
8782
2
9782
3329
1672
1255
7585
8372
9191
4642
2448
4150
1037
222
9953
5839
7323
5334
5321
6235
9235
2828
6657
2057
4762
5568
515
2313
4276
9061
8928
9237
6809
6611
8206
461
7125
4785
646
8420
5991
9939
8876
2470
3758
8141
2191
5633
3032
4784
9037
3309
7881
5611
5240
8003
1019
4151
9153
872
1953
4878
5573
3354
7406
4431
7693
5698
7947
9871
5161
5214
8883
5152
1310
9517
34
3761
2531
4733
3468
8705
3261
6981
7229
6083
8592
3257
5113
5867
4206
3617
347
1229
8958
5577
8082
5811
4503
7795
3963
4015
6189
6941
8025
7725
7917
4105
9939
8321
7390
5843
6499
6096
3317
7157
3403
8076
8834
6738
3596
5005
1904
3607
4197
3100
2925
654
7021
15
4672
8998
1817
8362
237
3327
9662
2736
127
6696
3733
8048
3604
9202
4133
7535
2983
6223
6786
8393
4455
9783
4556
8398
8094
1172
7028
3953
9085
2612
1930
2938
2114
56
7784
751
1368
7019
9374
1591
2430
2167
219
2924
5480
6024
913
5973
6639
4037
2033
2723
4192
5675
947
1073
6749
3448
9427
4382
3628
400
2823
2565
5819
6736
9420
6322
5271
1273
9213
5615
1350
6428
5437
7996
5871
7422
2646
2609
7801
524
9286
5054
1425
9419
9093
4678
5827
8141
3124
968
2187
1607
5178
2785
8040
6413
9849
6258
1171
5947
3274
4177
5054
129
3158
778
4409
4534
6844
3890
4949
3635
3498
1797
9082
9260
7746
6465
4523
5337
9597
1244
4575
7610
8353
9775
2368
5848
4959
7819
715
9603
6713
7118
169
4705
3791
1272
9702
8817
8925
6591
3116
4778
9380
770
2118
9270
2936
6587
9807
679
3930
6048
8366
4622
3777
4460
7200
2223
1733
3793
1262
4854
5390
8028
9410
5811
911
6181
4737
4665
8693
4671
9296
870
621
5262
4366
5635
6779
5954
6536
783
5255
9618
6235
6073
4202
762
6263
9505
9492
6744
8530
6085
9201
8617
3868
2067
3216
4113
3191
7280
9363
555
4121
2039
8133
9330
5708
7929
9733
171
930
5201
6155
716
217
4893
369
9156
3653
4369
1420
8147
8639
4273
3605
1838
8999
3726
3523
3676
9900
5363
6125
106
4493
9158
4246
3184
9525
8244
477
2325
6912
6884
115
3790
6740
7169
1031
4522
2750
3571
4687
3375
1910
2851
1058
3782
2019
8838
8458
9909
2967
8524
8417
5609
136
1165
5755
387
5127
3875
4991
9365
2529
9648
8692
4629
3157
9411
7270
6490
9075
9203
9118
8724
7637
6101
3824
5609
1885
8613
8254
2505
6195
5639
5600
2685
5907
1683
3859
2791
2893
8750
9998
1701
2270
7441
4422
1758
871
2586
6216
6932
1829
7496
8891
7156
4907
3042
9504
2595
8298
7620
6830
6835
1512
9559
6211
8310
8098
4926
6557
1790
1043
6078
484
9601
8449
118
1864
859
1694
918
9941
6359
6816
8031
4727
9480
5174
9938
6350
8803
4374
7699
9338
3
561
8448
9495
7663
1781
5203
5715
1046
2793
3976
4036
6148
9200
152
1642
6031
375
1713
585
294
4652
2428
7523
7197
3617
2593
2118
8177
4808
6893
8718
6100
2060
6432
4764
7098
2610
7879
4232
1069
4339
1433
5728
4217
6922
4536
9650
1635
2960
7949
5337
8142
1945
1256
4673
9606
4430
3512
3425
9931
6667
6156
7833
5999
1442
4087
3086
5359
6920
5110
1038
813
8481
2786
8937
6355
5367
3578
3490
6492
7560
8863
3191
5386
1081
6576
3977
3651
7514
189
1056
6267
755
2412
8579
219
6624
5991
2496
4384
1827
3733
784
3108
9367
8642
3493
3980
5084
1777
6650
8857
6736
2044
9739
1065
331
1815
8923
1701
7636
141
3963
1506
1638
6208
3323
8055
6575
6406
3173
5031
1742
4643
1356
5791
6089
9937
9285
6396
7306
3521
383
6398
6394
4556
273
6929
1769
4438
9238
327
2853
5719
3812
1950
7959
8759
5911
3962
3906
8866
3368
6366
9048
1759
1067
4290
8354
6459
3971
5032
9772
8000
8942
5172
4858
5976
8014
8354
8979
1925
8217
343
8616
7941
8027
8236
2949
3114
9086
243
1733
7644
8536
7989
8902
3556
5960
2480
4037
3626
1714
1238
2039
5055
5830
9069
7445
7082
2165
984
5507
2207
1621
7039
935
9109
808
9598
1607
4671
4044
2623
8777
2067
8675
3588
97
7869
417
2091
7064
1565
981
5961
4795
2990
1611
4502
2762
7987
9364
5381
5449
9732
7093
7563
7461
6490
5116
7887
201
5490
3636
3693
5561
8518
6266
806
5669
1607
3306
2262
5153
2107
8496
5680
6908
9392
7459
2205
8368
9566
3075
8051
792
5214
501
2740
8563
8200
7468
6128
9749
5172
831
6701
3480
7517
9525
8000
9029
5431
1907
9089
8856
2200
5261
762
4500
5515
5798
6056
9101
8298
9892
938
9564
596
1929
4964
5598
996
2068
8366
1273
7303
4036
6611
8541
3999
8402
4115
8494
2627
9223
1206
5509
3679
8296
1714
5501
874
2114
2139
372
8770
714
5181
363
8836
4470
732
192
7774
4273
6713
5423
9115
5093
6350
5713
2113
6342
3528
1881
5318
8562
6224
3488
6701
7952
862
1952
3941
3116
9031
81
3442
9929
8956
1884
1083
8424
539
1424
2399
2904
434
8585
3718
5802
2074
1269
9211
1381
2775
6307
2863
3580
138
1317
3098
2212
7655
8411
8420
9210
5227
2073
5547
1552
8675
2955
1027
6079
6393
6155
8860
8656
4213
8962
4490
3279
5365
7621
2114
2788
6552
4123
4314
2191
5135
6508
1650
3957
5080
7151
4578
3560
4974
5377
4931
6525
6044
7115
2399
9141
9891
122
3465
6011
8082
8506
1684
3844
1761
3908
4376
3417
9114
4824
978
3873
6807
8905
7223
2005
210
1191
1416
1551
5328
9665
8440
5727
1438
2917
2387
4449
1687
8163
9674
2280
827
680
4395
587
1335
5460
3441
501
6538
4205
9524
4478
4709
956
9367
7571
3394
2867
2217
1832
3248
7870
4214
7273
4102
7085
8240
4652
9504
3025
3382
4910
4110
796
7891
496
5619
9477
4968
8715
4749
9463
2821
1390
6975
5731
3233
6883
9207
1284
4926
1286
7549
9814
9220
8804
5067
9666
9004
7460
3214
9399
9663
3275
1980
8545
7743
8473
6598
1348
5309
5387
3282
1731
6226
2724
5744
3244
5337
7257
7511
9503
71
3477
7543
1633
7637
60
1432
5557
8754
4414
7720
7642
7057
4337
9510
7929
7988
2944
9436
1978
6263
5397
3566
4455
9283
3920
1519
6352
642
2960
1496
2711
6204
8129
4415
4638
6046
1780
7673
294
5507
4276
4857
9851
4512
5362
1691
8543
4435
3221
4222
6325
7443
9290
6343
5147
5667
2169
9916
9059
6590
1216
7518
2252
6137
7684
181
2943
377
7744
9954
8341
3625
8444
1528
1212
1614
6286
1624
341
8557
2568
3996
6366
4287
4262
4236
4653
4217
5968
829
2257
5489
2354
287
8603
3653
4700
3572
9225
5200
6468
302
1950
4421
8119
4333
4696
7990
8221
4526
7440
1925
5029
8603
3945
3595
3758
6400
5516
9271
5829
6828
2334
4685
1159
4266
6802
6744
323
5356
7762
9438
563
8359
5346
5173
557
7608
4280
4631
4152
1287
3752
1218
3071
3819
658
1178
5719
7302
8554
3199
5093
1103
4388
4523
1887
9426
8941
8422
8139
5347
2238
5385
3162
1825
1115
3386
5204
1123
424
9566
4146
2489
4734
5463
889
785
2346
8420
1989
4721
236
2415
8944
5352
8286
4809
1336
4353
4454
4720
8336
8081
1946
7259
4533
9323
2206
3229
8102
549
5205
7774
2948
7774
5024
4413
5696
1222
1965
4791
2460
1072
6154
1215
9298
7841
2747
6941
7481
6119
9509
5883
9509
4235
189
3522
4396
3562
7384
7384
2231
3147
4769
7278
2657
6094
789
687
7541
530
7462
7948
2550
5756
6659
2989
3813
2567
6186
6307
3749
2838
8501
6424
9236
3900
851
9946
1124
9409
5598
6782
8264
7826
4554
692
7506
5298
205
9217
7925
1316
2785
683
3049
7751
9271
3741
4109
3581
5365
6305
8772
3611
3310
8370
8292
8912
5014
8298
3679
6543
5119
883
2578
4818
1690
7335
6297
3549
4930
9073
2155
4235
8980
465
150
5330
8037
8332
7014
2658
3918
2989
8362
4590
3472
3671
2840
4803
753
7238
7870
3463
1420
6599
7109
1226
7589
4622
4646
2066
947
3861
692
5050
9950
1383
9969
6157
6591
3772
4010
1345
5120
6744
4836
7072
7893
3248
3791
4924
2064
5642
328
3576
9789
2952
1403
7622
5184
7450
1012
8838
4884
4686
3480
2618
802
8817
1669
7412
3874
7900
9425
9354
8079
6370
3451
8330
6126
1268
3377
6094
8564
1059
5232
7895
4248
9431
1151
4837
469
6826
4388
1275
5893
2170
8479
5198
2518
4335
2293
5139
6568
1484
1433
9260
286
9872
5391
5776
4811
6551
2186
3894
8926
9904
26
5695
8226
2367
5250
9521
6577
8459
325
3564
5196
4410
386
2333
9380
1633
6689
9771
3510
9926
8199
3695
9516
5086
2481
4015
1741
5224
2470
7756
5788
8549
8027
5311
2296
8312
3140
1834
9893
5030
4720
9618
8586
9607
4166
5408
9328
5704
6350
7439
3014
3385
6254
1661
3845
8402
6795
1963
1570
3818
8993
1987
5402
2736
304
6015
3459
9929
3529
8220
7733
6084
9623
6459
2481
8002
5154
443
1723
4068
5585
9318
8864
9667
665
4298
2115
2527
8361
6880
4151
2823
6647
6199
7552
9031
4892
3442
1208
7695
2470
5098
929
1893
770
1581
3760
3978
1948
2482
7206
9436
8113
1425
6110
926
6338
6056
9924
2459
4648
5577
9845
8343
8276
7860
5840
8329
5844
1738
8859
8798
7417
1445
5584
7214
7471
5014
9711
7819
6239
4972
1502
4971
5100
5502
4792
7547
9930
1862
4881
4553
3411
7408
4701
5320
195
7475
426
4017
4756
7214
6355
306
151
7739
3238
3554
7947
186
9041
5315
6913
9983
2062
1099
1046
7227
5566
5782
5120
3615
3607
4051
9589
7009
7531
3641
4399
293
7894
6349
6325
7111
22
7145
59
8185
9690
7736
5895
4593
4942
8568
759
5394
8192
6052
1343
8929
5435
5221
6529
5294
3183
2967
6834
1740
7352
213
1227
4719
796
1321
7174
5514
7968
7077
7785
5125
5073
4443
2076
6086
1574
2219
6807
5278
5084
962
7024
449
5508
4636
3123
4818
4360
6125
8997
8530
1366
8330
1016
3010
8581
2311
4071
4363
6985
8592
2267
3756
9968
7824
2521
6555
1752
4161
3069
2266
6031
6821
5707
3884
4332
5509
5436
8380
790
3815
8797
5625
9987
8270
7289
7779
2550
9251
7929
7312
6512
3906
9304
6776
4582
8450
1201
4810
1686
6424
3475
2460
1392
5657
2237
3755
7587
9625
307
3088
7032
7777
1574
2662
3865
5254
5402
8070
7493
8368
3682
2786
8264
2070
5983
5665
9366
598
8392
9691
8101
1226
770
8054
7183
5568
135
6735
8243
5243
7964
4021
5575
3111
7131
8580
7444
6592
5308
4255
7533
8173
1276
2557
3915
7189
9310
5902
8097
7522
7945
4664
5726
6126
3793
6850
3534
4227
9360
6848
49
5470
8192
6001
4061
1590
9154
8363
5957
5480
4027
2884
1722
4999
1955
3169
4670
6925
7289
2515
7593
4055
1365
1633
927
5485
6082
6841
7272
8206
1437
2154
3548
3506
6427
4117
2268
998
8677
8987
5222
2327
998
5817
5282
7733
391
8019
1176
413
2805
669
4287
8029
497
1599
4187
9855
4142
2692
9780
9379
2056
3830
7916
3998
4901
875
3240
3968
8500
1703
2691
4652
9358
6933
4075
190
8600
9009
3052
4806
4372
9742
8342
3460
5867
5153
3000
3845
3719
2175
2119
3999
9590
4926
1157
8096
5428
8817
4735
4768
1073
4186
2482
1416
2253
4939
4385
5015
4719
6278
7649
91
224
5310
5606
270
7674
3120
7110
5860
6653
3434
7778
47
3139
4472
8263
9961
5153
179
2092
4188
6063
299
128
1550
5617
1057
2380
9061
96
2594
5589
768
6075
7320
9527
1444
3428
3846
5287
5463
4570
7991
1073
8321
7785
7729
9307
5998
4653
4818
7564
2838
787
238
3723
6670
3666
7315
395
1711
6017
7940
9421
4376
2065
5690
3829
9955
9876
9359
1191
5382
3534
9908
3382
3110
7284
1652
1101
4677
2815
5692
6534
5897
1565
4764
6606
8062
2941
1599
4779
2199
4332
412
5589
1765
7114
9120
8362
8139
6457
3348
2607
3937
2611
7133
1642
2607
9885
6803
2663
353
5239
2354
7873
3791
5710
9758
7162
5798
731
7092
2791
6635
5667
611
3953
925
1838
2608
5110
3609
7474
4279
6947
8315
3972
9636
7271
7684
1789
8796
1432
6149
4993
312
1035
247
8768
2790
8513
7201
9052
2722
9064
5888
557
8169
8024
3777
6855
144
4669
8731
5970
6656
9611
7499
3115
1261
4077
3169
431
8740
9305
9227
1732
1132
6273
439
8054
290
5344
9218
5776
2083
2591
6444
6110
2226
6994
4689
9200
3201
3113
8253
2597
433
9491
6386
6613
7812
4815
6433
6303
4596
5267
2652
7034
8881
2800
2598
4807
161
6525
5193
1909
8056
614
3184
8391
8122
2872
7627
114
9513
9557
5248
4305
5629
1384
8024
3499
7103
2539
8156
7576
4286
6608
9815
3333
3903
5307
4292
3241
8244
7441
6438
4415
4786
2612
3622
2936
8072
1109
9143
7211
7805
6255
9917
4879
3095
2956
5117
4329
675
8829
3833
1148
8893
5387
251
587
7356
5417
1463
1620
7310
3104
9482
9808
7824
9357
8262
9819
3452
430
8090
7184
1193
375
8885
4203
7289
6436
1248
6773
1397
2405
6928
3473
7546
4607
3107
4188
202
1436
3938
3283
8539
1032
6736
3886
2489
7975
7248
9766
7051
1803
7072
9354
4693
9747
6613
6861
4423
9523
6488
6114
8277
3676
7097
977
3053
7368
2194
5389
3813
4843
5330
35
6333
2607
2348
7432
2444
2760
1570
7826
8201
225
7439
4477
7895
6291
14
1703
3399
6471
8009
272
2493
1500
7091
8249
3701
4464
5197
1286
923
5875
7134
790
8697
9463
56
6270
419
4552
6835
6754
2025
8921
5357
8226
3382
4711
5401
2956
4683
9249
5632
7050
4464
8516
7061
5003
6882
4592
9915
5897
4487
1384
3443
8053
6226
3182
4823
8958
4293
3879
3524
1529
2379
7998
2009
5831
1648
850
1686
620
4308
6714
7021
6789
8138
382
5199
2163
4960
7879
8954
9775
3214
2806
5116
10000
4485
9213
5545
7986
927
3492
2058
5956
5493
7088
9452
1207
82
1015
6962
2729
2281
2959
4586
54
264
7244
3018
6343
4046
2565
2527
9507
5944
4793
5652
8120
8503
5930
964
2600
7904
1193
474
2949
4522
1705
9997
6594
85
2699
4400
1018
870
6258
2085
1464
4774
404
4034
7136
1241
5603
4955
5627
2059
7627
2138
5251
2255
7059
7856
432
8229
3830
6170
356
3611
4908
5221
6678
8744
7916
9498
6821
60
9996
1761
8413
3367
1423
7540
5297
5779
165
7134
7866
9231
2221
3716
7093
2056
1230
3111
9064
6699
9271
2508
6982
323
1761
2394
4355
6633
9929
7686
2833
9185
2483
2409
4005
9306
5641
4762
1730
7502
3522
3571
9080
8558
2981
5128
6816
962
343
712
8708
2991
6844
4184
8504
9057
9428
6554
6676
430
4160
7603
9236
7282
5539
3808
8223
4218
7844
6132
340
8008
108
9688
769
3600
2961
1061
881
1716
7073
9785
1918
2472
6490
6981
525
6119
3813
6884
7500
3378
1623
4731
1960
5607
1071
9856
2384
6690
2704
6181
5311
5367
1025
5914
8121
3630
4828
7602
7950
3651
718
4291
7474
6685
8265
4565
4099
5159
3436
5929
4411
8015
3504
8152
7555
8399
3149
9977
7927
8165
8815
7835
6878
5574
3012
2048
6158
7746
1844
6339
6708
7758
9343
5782
8865
5993
7170
9155
9216
7800
2774
7201
7093
3412
6138
3325
6908
3619
5195
4347
8719
9526
418
9847
8677
8195
4223
1246
9951
2522
7108
4384
6734
5620
2378
7064
8786
536
3495
7833
3606
5980
2025
2676
9564
8160
1848
4534
8034
3589
4412
6614
6943
2121
9036
8451
5864
5284
1295
2442
3965
1911
4117
57
8815
6277
3642
5738
2658
4260
8174
2814
2972
413
7527
6111
4563
6781
1603
8094
1436
4422
8099
1951
7416
4611
3856
2161
7121
2142
533
6944
4127
4208
2307
9318
813
4622
9246
4578
3537
1962
9492
3372
1908
2328
8080
741
5931
8056
1602
7075
490
2602
6676
6365
5768
6544
8556
9186
3930
8769
2409
5270
8387
2857
4571
9975
9525
4282
4494
8144
4358
9786
8629
6548
2853
6573
3263
8936
9349
4212
9950
6141
3486
1454
3189
2389
148
7574
1147
5190
6458
211
4398
2916
6453
5620
656
9241
1336
7101
4073
9808
5641
5775
8832
9539
7473
2547
1437
396
1266
7901
7090
7220
1376
2187
2104
7669
3581
2523
6214
6676
1746
9511
7580
884
8616
9753
3747
9432
8430
8901
1353
9183
5608
9681
9525
1507
7877
1131
8527
3450
773
6859
1984
2483
6102
4992
6404
6360
4091
9680
4709
682
140
2028
7271
9588
2436
2890
7623
8791
9782
3164
8154
165
2209
542
5392
7035
3348
1623
4928
9513
9382
9779
5020
7490
3780
7012
118
5609
4305
248
3838
6263
423
7471
3023
9519
8398
7969
8429
1708
570
113
2707
4238
6105
3862
7879
5629
2786
4847
118
1233
9536
9350
4217
8167
841
7100
1177
4853
989
1703
3240
9592
1120
6341
3660
8091
8488
2655
3151
2971
8034
7205
7396
7202
6264
6610
9991
4991
6506
4697
1011
6144
9701
2052
5437
3130
540
4130
19
8770
5319
7014
7860
1097
994
2988
6077
9031
773
6104
2465
3980
7674
669
629
836
1643
6515
61
5818
6383
8179
4359
3295
7307
3201
509
292
1552
9180
5208
7133
9214
7087
2082
5492
4798
6765
5480
7525
7841
298
6482
2170
1386
718
5622
651
4316
5226
6190
991
6078
301
8332
120
4233
4373
4026
407
9197
1688
7829
7922
7485
8153
2708
8716
8500
111
3875
8850
2061
5598
1512
7338
725
724
8356
7818
4232
240
678
3162
9251
6303
5882
630
709
2117
5700
7913
4023
4206
4642
9956
7600
8741
7446
8172
3980
6528
9907
7608
6662
6266
4070
2843
132
2008
1709
7399
550
6480
9004
8488
2046
2024
6625
64
8594
5463
5484
347
9362
9398
2693
3966
6914
9682
6765
6503
1768
2247
7538
5403
8654
9761
2134
3655
174
3719
1393
7920
2195
3464
4082
5974
8921
9467
8510
8907
4718
3441
380
9409
9305
7837
5812
865
9629
14
2228
218
2113
5230
6010
721
4672
5078
1820
9757
9382
4099
5657
3917
3831
1525
1581
4436
234
8233
5957
7992
920
5774
2421
9456
4155
3157
1766
8259
6818
132
6566
7034
7476
644
6927
673
2896
9587
4906
1821
4959
7055
9572
300
8314
193
6989
5543
3196
8565
4029
8316
3255
2837
3430
9068
7283
2575
2294
8778
3348
2885
5082
7090
3131
9818
1761
3169
6084
4097
7038
1376
6531
6727
9666
7880
5041
1812
1126
2392
9062
7646
9350
4523
928
3416
6683
6262
2008
4601
2609
486
7225
3152
9686
4445
3141
7908
6538
499
2097
3986
1468
4939
8337
1915
8474
5203
7267
8898
7038
567
7850
6757
179
1637
2902
9580
4816
6237
3889
3577
5094
4266
1358
540
4021
5990
7303
8609
9875
5487
4211
5821
6631
2053
3708
8223
678
3805
6266
4085
5949
4247
1759
3493
544
5558
1244
4019
4236
7611
1658
4725
4194
6384
7778
9681
7955
1398
7728
3996
6944
3179
209
8177
8155
7524
5417
1738
2075
4731
1846
7832
8892
4186
3735
8788
8397
6133
3063
1088
9520
7839
6957
3303
7842
7289
8319
2642
1316
6606
4736
4133
605
5938
7509
8016
733
7873
9514
7660
1786
1149
9921
2905
3953
8542
7633
5602
8301
426
9196
9883
8742
4466
6721
6910
2525
1684
7457
3016
9117
9323
8279
6529
6155
2775
6845
8537
6192
4507
3966
7135
8950
4216
7838
6900
8889
9376
8493
6617
6548
5851
356
2250
7168
7704
3035
3405
4989
7449
4132
395
3772
1639
5551
5793
4649
5967
9537
2965
9098
2293
9007
640
6449
6315
4253
3544
5312
8155
5163
8782
7416
8816
3860
1181
9709
6967
8814
6294
9119
823
4649
7993
934
998
8776
1006
5372
2346
5837
8427
6046
6448
6093
4798
7179
9630
8909
5892
1628
930
748
9036
5020
6660
5274
9078
6534
4976
8471
8440
4016
8031
1136
7545
3386
2671
2190
36
5774
3514
7255
3896
1120
3623
5512
8558
1303
7371
1759
9452
5360
6849
941
9651
4674
6608
5639
1693
4018
8633
5312
7071
6110
5888
7751
7578
7683
7063
2950
7061
6005
9314
9130
8451
6745
4574
8346
790
6516
6624
2875
3587
6944
2672
9796
4106
21
7773
240
6191
231
576
1186
7377
7017
7887
7013
2162
3842
3871
2057
3013
298
400
2507
8075
9583
1278
3603
8798
1392
309
3672
369
7105
5878
9078
1355
4658
3621
9563
3649
4975
1186
3597
8604
3044
3820
7885
6273
161
3126
7317
369
980
5484
9790
8401
7338
8452
312
4433
3382
5563
9843
6563
3795
5515
8775
9193
9819
3094
3132
2663
5297
7763
6313
7997
8685
9183
6891
1772
4688
3151
8521
375
118
942
3661
9077
6918
256
2365
5911
9691
1895
3788
8158
5481
3356
2809
1471
8065
1175
2450
6981
7329
6371
3835
7882
6150
2834
9677
1189
6583
1466
8730
5380
8547
1965
7747
8918
6754
7505
2479
3112
8473
7275
4054
203
9650
5068
5069
1593
4610
1278
248
1296
9056
5956
9873
9796
7718
1844
1936
6943
2791
230
2188
1489
2994
7080
511
3160
3275
4079
9277
4637
4957
1990
767
5561
2016
4645
1907
4193
9465
6807
3687
7183
4778
5808
8476
1234
6820
7983
1199
1024
1209
4232
2118
1758
3269
5146
4824
3089
3441
76
3292
8623
1241
8039
3884
4186
1851
7795
7634
5368
736
9765
1678
9188
2978
719
4408
6222
8448
2558
9417
8391
3393
2497
8488
3642
9320
5180
8566
2650
6452
8547
4022
6712
1309
9854
5226
474
3425
7636
8657
139
4790
5037
8228
9325
4780
4116
8761
8435
2013
7789
3555
4661
2657
2668
4045
9931
8686
2205
4953
3016
8945
7924
8703
8622
704
3348
1403
5909
7328
570
3176
6302
3165
3054
3238
9794
7077
8778
6806
5780
1018
9096
8617
2413
1054
1371
422
7793
2614
5866
2699
1035
5188
550
1329
2026
6877
4907
1969
1291
327
62
3097
2752
1948
5381
9407
1991
4659
6820
3201
611
5397
9076
9405
4720
362
5168
2619
3054
7244
1996
189
6298
3036
5226
3503
9324
3381
8330
7049
2929
4786
6030
4969
2458
7314
6858
973
941
1024
2402
8306
9701
1896
6022
8486
4346
4386
3296
9367
7018
7808
4950
2218
4943
4397
6447
6515
1936
8003
3482
5564
653
5266
709
2060
17
9684
8385
3252
9508
3628
3913
6558
96
7429
1266
2470
3440
3548
382
6286
2741
2356
649
4681
5531
9089
8630
9412
3045
4166
9103
6285
7185
9496
1704
2826
2093
564
5350
7016
8814
5708
7309
103
3981
8840
6170
3661
3366
6264
3456
5484
3653
2585
6855
6193
2831
1613
122
6008
736
9006
8409
4264
2877
8614
7234
7229
9517
1016
2730
4785
5156
9037
7033
2155
5020
7778
2284
400
5718
7784
4184
4140
9931
4814
5863
7921
3078
6081
5196
8127
8450
7931
4792
9982
8135
2523
8350
8735
121
9554
4570
8917
3362
7595
290
6572
8056
7666
5011
7197
1877
9651
397
7194
896
6876
5588
1013
1342
9812
8826
5939
8889
3200
9558
1822
2273
4710
7816
8791
1384
5092
6774
8396
9922
7873
3655
3145
424
5259
5647
6269
9432
8638
5419
535
4956
9796
5929
2390
4023
9305
3732
277
8947
1126
9457
814
9988
4602
3328
761
3643
8628
9909
1989
7961
3108
6261
5135
7841
6143
3107
1929
6338
3868
7044
3985
4618
7436
7420
8617
912
9773
970
8200
185
3547
2683
5805
3068
6864
2799
6797
7474
2357
7284
3258
2009
5775
6193
4566
7649
6944
1584
2681
9438
8865
3843
3621
2335
9357
7045
1624
8919
2547
9534
46
2762
260
3694
9397
9561
4494
7921
516
2200
7816
2866
2340
4952
5377
9648
2229
4852
982
4326
5557
7789
3341
4442
3441
9923
5307
995
6046
9853
8308
1065
5376
7362
9483
3288
4276
8287
9368
4411
2652
773
9482
3745
5196
1893
5388
8008
4684
9489
3715
6259
4100
7132
591
492
6940
2394
9742
792
6434
9247
1630
5751
3204
3084
1319
916
9430
7420
9045
370
584
2371
5000
4726
2042
8633
7885
6737
2204
150
2688
6283
2231
8754
3309
4005
6384
4302
7071
1749
6225
4853
5121
2969
2474
7699
4604
4300
69
2955
2811
602
7733
9548
7456
1215
3096
3675
8066
1101
8158
1547
1291
7528
5384
6726
7257
9860
9792
4753
940
8328
11
840
346
131
9564
9585
3870
444
3283
4529
8043
5261
4311
8838
7560
4312
450
8847
1408
2518
9487
8234
9572
8654
7462
9335
4929
1235
3148
9572
8435
454
3100
8151
262
3169
4857
8901
2364
4615
2118
1733
4094
65
2138
2829
4906
3935
8624
6561
3204
3953
5206
1867
906
7257
2605
5695
8606
2618
5291
5784
5084
6787
5586
836
2560
5998
1564
8067
8280
5621
2581
831
5703
3549
5024
705
3752
5283
6707
8967
3375
6287
7594
9568
562
1242
7271
9564
4070
1937
6539
7810
6297
4559
4745
544
2536
970
5097
6197
8786
1416
1250
6441
5058
6851
9876
2381
3528
4505
5100
454
3452
2420
8414
4201
282
3847
6011
7587
3467
9710
5217
1198
847
9091
5555
5359
7055
8502
3700
6727
4599
1458
8342
2053
6925
3722
2365
249
4887
4427
5963
5541
6194
2039
1167
5916
7166
4735
8763
3668
7636
339
488
476
7626
493
7414
5062
9562
9396
7150
7763
5993
3258
8007
1151
5981
3083
3110
9268
9936
1099
6074
3156
8884
749
3461
3686
994
2702
5364
1280
3991
2886
2350
8265
9858
8332
8668
7770
9157
6046
1070
4787
4330
3679
5281
2839
4201
939
4865
1212
6649
601
9649
4019
1647
9685
9015
1470
1309
4827
8981
4497
6845
6006
8493
2239
129
672
8650
4400
3458
3933
152
6085
553
3225
7887
1536
9063
3040
2361
596
1850
2197
284
4790
3967
6029
5866
86
9965
5459
2800
9377
8916
9629
9478
5006
4334
1974
2944
671
8140
1622
9135
6559
1922
9479
362
8960
4711
7591
7899
7077
8888
9813
1055
8889
4733
8725
6468
2389
1826
3936
3938
281
3095
9960
7470
4583
5382
8820
7319
8820
6988
304
7083
8180
5353
2564
3170
4487
1430
7890
2690
1337
8002
9799
2694
4027
3497
1969
2344
8258
2002
2382
231
8386
993
5318
5104
5583
1003
6083
5146
6232
7381
1960
2532
8402
41
9329
4740
9117
6616
2975
9901
5159
1321
5263
8050
2452
2143
4728
5
6536
247
1620
9664
3586
1674
3652
6421
5225
5535
3448
7798
299
1691
1414
2329
3550
6443
4902
2346
316
8547
7172
4899
4932
417
485
2444
789
972
3122
507
9508
7
5883